49
64
72
17
56
20
22
40
76
56
86
21
9
28
58
71
58
33
1
23
64
81
80
98
69
66
8
93
36
79
5
21
29
26
49
97
17
14
13
49
67
93
45
45
91
34
4
91
95
6
94
86
52
0
49
71
3
63
59
46
29
8
58
87
74
10
27
40
6
23
66
76
26
20
18
77
24
76
21
21
73
86
90
30
9
37
74
81
43
81
55
90
52
20
0
11
66
55
87
98
20
48
0
17
47
41
98
93
9
39
88
47
59
45
62
60
79
91
39
51
75
3
75
57
76
91
2
24
95
13
32
9
22
21
24
77
76
97
68
83
46
83
59
36
97
51
73
96
65
56
60
1
89
50
32
90
90
86
70
30
23
5
90
47
45
94
34
94
99
48
80
77
14
76
12
41
91
33
99
37
3
38
32
55
60
77
48
86
81
90
6
82
96
83
77
5
12
43
50
38
22
36
42
44
81
98
56
12
97
63
1
28
99
18
57
2
51
72
97
9
30
42
2
86
88
5
98
2
29
40
4
40
16
84
7
83
84
21
6
67
15
48
38
65
6
85
49
32
72
4
11
30
76
93
56
72
29
97
0
83
76
52
27
80
68
25
22
15
31
81
92
45
85
60
50
39
26
57
64
99
38
8
56
34
76
47
86
79
85
95
7
84
98
9
93
11
36
85
71
76
25
98
40
82
80
52
25
79
3
35
20
86
44
29
22
64
98
19
37
35
66
62
40
84
26
77
7
79
83
15
82
85
23
3
15
30
6
71
80
41
72
35
83
29
0
10
28
77
41
43
41
96
34
78
22
0
49
18
96
50
61
56
68
83
4
66
1
77
0
9
74
24
70
8
47
4
9
76
39
85
61
57
6
2
84
36
57
39
27
14
43
70
10
95
52
6
21
9
98
79
42
51
15
5
40
84
17
63
27
70
61
8
15
91
64
30
88
71
81
3
95
62
83
33
18
37
58
89
21
1
37
81
84
4
99
39
55
10
28
95
54
84
88
17
51
75
50
43
49
75
71
58
53
82
93
38
56
45
51
89
41
70
23
2
35
37
75
28
34
5
59
30
54
86
27
89
24
54
85
28
25
81
50
96
18
50
81
41
94
75
22
98
76
44
20
17
41
81
62
62
70
67
49
54
27
54
23
91
14
28
97
15
19
28
42
19
94
54
27
15
71
40
91
79
75
27
56
92
63
13
73
17
58
34
23
50
29
85
67
84
23
37
37
43
67
25
67
8
4
66
74
34
95
67
51
29
54
75
70
27
74
36
10
90
87
15
17
70
68
93
63
68
88
37
39
21
65
3
90
70
45
81
67
32
58
29
72
68
87
32
28
36
28
90
15
33
73
66
70
38
44
5
3
70
75
4
29
15
33
43
10
23
64
29
54
32
88
17
12
31
73
66
84
4
23
80
63
66
59
19
36
7
45
46
72
43
8
85
20
91
83
40
56
48
38
56
11
42
90
3
67
35
18
48
63
72
17
1
91
48
61
94
1
63
75
99
9
63
30
42
52
31
39
86
18
37
34
84
50
30
38
36
87
39
98
92
32
91
40
9
74
96
80
31
18
52
2
69
34
58
62
65
84
61
97
46
38
57
41
11
98
60
25
59
94
96
99
28
97
73
70
41
48
69
56
14
51
65
50
94
52
63
24
4
74
96
29
47
83
61
90
74
0
57
31
37
99
18
10
14
76
42
45
49
77
77
84
27
79
18
23
65
49
54
78
49
92
36
7
57
82
60
82
50
52
43
16
45
19
69
77
40
26
38
99
3
38
61
37
85
24
55
6
68
87
49
23
97
11
10
95
37
46
47
56
77
2
48
80
63
64
44
40
99
75
38
74
34
46
36
38
6
80
56
57
55
34
82
49
60
42
40
97
87
43
82
77
20
85
19
52
88
8
92
22
55
50
96
49
43
77
0
40
56
3
2
73
82
24
5
56
98
63
68
85
38
13
77
1
78
71
88
82
47
70
16
72
48
32
78
19
36
51
70
58
41
35
96
55
82
39
24
97
19
4
1
67
66
96
83
55
33
58
83
23
77
3
66
57
18
1
15
30
73
73
29
13
59
63
97
25
87
42
37
48
23
54
15
0
95
33
0
75
0
58
69
32
65
86
23
46
21
89
75
49
24
42
86
24
7
50
71
20
99
90
20
28
42
81
82
26
18
83
26
78
54
57
4
11
0
55
2
46
0
52
38
56
16
6
73
8
53
97
82
77
20
90
19
49
59
84
6
74
3
31
59
28
45
85
90
